[[0.12842526952294026, [2.0363136750238087, 1.3337965522129303, -0.20970421734144962, 2.0037240493889157], [[0.2586309392901285, 0.018098975635716386, 0.00456843952479713, -0.023611482679920748], [0.018098975635716386, 0.151564589504656, 0.02961398115782793, -0.05217220464589856], [0.00456843952479713, 0.02961398115782793, 0.18720717072307902, -0.04576645988620004], [-0.023611482679920748, -0.052172204645899, -0.04576645988620004, 0.23602073478149865]]], [0.1736627225427886, [2.0131149443076075, 0.7530747089044173, 0.18967624958681958, 1.984433301477236], [[0.20161589287562887, -0.03547322824317867, -0.014732929465494315, -0.0050261235805053595], [-0.03547322824317867, 0.22335852472272266, 0.04463740119622309, 0.03717629073804929], [-0.014732929465494315, 0.04463740119622309, 0.21626429992482857, 0.04794395363079906], [-0.0050261235805053595, 0.03717629073804929, 0.04794395363079906, 0.24322927799765326]]], [0.15082592843249626, [-0.14811660680410849, -0.06214040094584106, 0.13625938702280574, -0.06707951527304377], [[1.0813828816365536, 0.00598128475179242, -0.13309598118547852, 0.01590305740680692], [0.005981284751792408, 1.0341570229498684, -0.08476348850702535, 0.024722953731094878], [-0.13309598118547852, -0.08476348850702535, 0.9830099563724201, -0.0034022182947566707], [0.015903057406806934, 0.024722953731094885, -0.0034022182947566655, 1.064412523327565]]], [0.5470860795017749, [-3.0379955391193625, -1.972259131122309, -4.09505689576233, -3.0325286404145873], [[3.9540718387915312, -0.22969363855612457, 0.008892913226887345, -0.07489429788905433], [-0.22969363855612457, 4.149279252820501, -0.04260483186873998, -0.1760567454902846], [0.008892913226887345, -0.04260483186873998, 3.6217490906358236, -0.03825714946507475], [-0.07489429788905433, -0.1760567454902855, -0.03825714946507475, 3.8006825807837004]]]]